unsolved puzzle: 

    8             2      
            8 4     9    
      6   3 2       1    

    9 7             8    
  8       9   3       2  
    1             9 5    

    7       4 5   8      
    3     7 1            
      8             4    

solved puzzle: 

  7 8 4   1 9 6   2 3 5  
  3 2 1   5 8 4   6 9 7  
  9 5 6   3 2 7   4 1 8  

  2 9 7   4 5 1   3 8 6  
  8 4 5   9 6 3   1 7 2  
  6 1 3   8 7 2   9 5 4  

  1 7 9   6 4 5   8 2 3  
  4 3 2   7 1 8   5 6 9  
  5 6 8   2 3 9   7 4 1  

