unsolved puzzle: 

  6               5 3    
              2   7      
  5   7     9 6     1 8  

      6       1     8    
    9 8                  
            2            

                  9      
          2         4 3  
  3 1         9     6 2  

solved puzzle: 

  6 2 9   1 8 7   5 3 4  
  1 8 3   5 4 2   7 9 6  
  5 4 7   3 9 6   2 1 8  

  2 5 6   9 3 1   4 8 7  
  4 9 8   6 7 5   3 2 1  
  7 3 1   8 2 4   6 5 9  

  8 6 2   4 1 3   9 7 5  
  9 7 5   2 6 8   1 4 3  
  3 1 4   7 5 9   8 6 2  

