unsolved puzzle: 

  1   6       2   3      
    5         6     9 1  
      9   5   1   4 6 2  

    3 7   9   5          
  5 8 1     2 7   9      
          4   8   1 5 7  

          2 6     5 4    
      4   1 5     6   9  
  9       8 7 4   2 1    

solved puzzle: 

  1 4 6   7 9 2   3 8 5  
  2 5 8   3 4 6   7 9 1  
  3 7 9   5 8 1   4 6 2  

  4 3 7   9 1 5   8 2 6  
  5 8 1   6 2 7   9 3 4  
  6 9 2   4 3 8   1 5 7  

  7 1 3   2 6 9   5 4 8  
  8 2 4   1 5 3   6 7 9  
  9 6 5   8 7 4   2 1 3  

